000000000000000000000000000000
000000000000000000000000000000
000000000000000000000000000000
000000000000000000000000000000
000000000000000000000000000000
000000000000002200000000000000
000000000000002200000000000000
000000000000002200000000000000
000000000000000000000000000000
000000000000000000000000000000
000000000000002220000000000000
000000000000002220000000000000
000000000000002220000000000000
000000000000000000000000000000
000000000000002220000000000000
000000000000000220000000000000
000000000000002220000000000000
000000000000000000000000000000
000000000000000000000000000000
000000000000000000000000000000
000000000000000000000000000000
000000000000000000000000000000
000000000000000000000000000000
000000000000000000000000000000
000000000000000000000000000000
000000000000000000000000000000
000000000000000000000000000000
000000000000000000000000000000
000000000000000000000000000000
000000000000000000000000000000